-2.223118681889916459e+01
-2.003604332542349198e+01
-1.803709800301883703e+01
-1.750594663003206719e+01
-1.785647418580142443e+01
-1.810791951830079327e+01
-1.840152355650423743e+01
-1.872608011109502968e+01
-1.879308725075173925e+01
-1.883736185935902085e+01
-1.919083185195041352e+01
-1.951863271133868238e+01
-1.977972077011648366e+01
-2.021468660242327076e+01
-2.050939670108163426e+01
-2.072921663699850470e+01
-2.083774721329017865e+01
-2.106413242130630792e+01
-2.129548622142305092e+01
-2.144888464461558897e+01
-2.163197543689548041e+01
-2.178977659222413266e+01
-2.191080713627951226e+01
-2.196449538387559741e+01
-2.198341593038679065e+01
-2.208550277409732487e+01
-2.219473023680355439e+01
-2.222278211914283119e+01
-2.231674367757176114e+01
-2.242826295257396296e+01
-2.244884661949360805e+01
-2.252757005599541529e+01
-2.259753834610456025e+01
-2.265504597849137269e+01
-2.274154183936655471e+01
-2.283160517080513330e+01
-2.285732407901469188e+01
-2.294947973909460615e+01
-2.307277354324061136e+01
-2.315738950235544991e+01
-2.318439487675875910e+01
-2.322766022196144320e+01
-2.326459956286119990e+01
-2.325851843543386721e+01
-2.329105784127328604e+01
-2.332905332564142853e+01
-2.336895637079366850e+01
-2.339532480068593756e+01
-2.343516059027435006e+01
-2.348001937819117302e+01
-2.353867656104429074e+01
-2.362353504938345949e+01
-2.369093897987381325e+01
-2.384035265643384705e+01
-2.394445857911306774e+01
-2.405139682221049569e+01
-2.413035621227762917e+01
-2.424608567417633509e+01
-2.435880394484176392e+01
-2.443101535042026384e+01
-2.451315491278717928e+01
-2.452847102422872538e+01
-2.452750823898339760e+01
-2.452573781239453510e+01
-2.448976588428654821e+01
-2.443620893951998596e+01
-2.437047378966405020e+01
-2.431164703826394202e+01
-2.427196794932946133e+01
-2.426573249091212503e+01
-2.427377003733993632e+01
-2.431340067487964873e+01
-2.434284042619151123e+01
-2.442841290679044874e+01
-2.449791363586352588e+01
-2.459020509271569921e+01
-2.464817149511847560e+01
-2.473156575287820402e+01
-2.478886784309003488e+01
-2.487247596950756545e+01
-2.493089673945396356e+01
-2.498963581434699677e+01
-2.503872310732644735e+01
-2.509153196290913712e+01
-2.514671103261070328e+01
-2.523393396934160648e+01
-2.526541902074985302e+01
-2.530666436835620559e+01
-2.534107053699989720e+01
-2.537490332788804892e+01
-2.542625179734505636e+01
-2.550193418907555909e+01
-2.559241564604233332e+01
-2.567372082877771433e+01
-2.570267358597061857e+01
-2.571774461015369795e+01
-2.573174684419097957e+01
-2.574867583007053540e+01
-2.573647259495744777e+01
-2.573166576523882298e+01
-2.574287681983252440e+01
-2.573368562541007520e+01
-2.574589615056988379e+01
-2.575175389852173424e+01
-2.577881842314660332e+01
-2.581203206608194733e+01
-2.583186362319815998e+01
-2.585525530000259309e+01
-2.583837431072429780e+01
-2.587084492612119035e+01
-2.591355725705541602e+01
-2.597632380236665739e+01
-2.600309618615334628e+01
-2.599546501846146285e+01
-2.596774990059870447e+01
-2.598919314769822719e+01
-2.601606335392708402e+01
-2.603039590685080640e+01
-2.601618126857862734e+01
-2.600396089911812325e+01
-2.598417604763428201e+01
-2.600363170413827163e+01
-2.601730834961658090e+01
-2.602028079957703355e+01
-2.606478175675535880e+01
-2.610525903831983996e+01
-2.610144580374526768e+01
-2.610903596592685005e+01
-2.613080092471411220e+01
-2.620469851027701580e+01
-2.623935126722306777e+01
-2.626498962006978743e+01
-2.628982764694987040e+01
-2.635319998403256037e+01
-2.640069621797741917e+01
-2.650735654620874726e+01
-2.656037832844845070e+01
-2.662251205772274432e+01
-2.669698718657921788e+01
-2.679277381815292713e+01
-2.690118945284768159e+01
-2.703299358304624533e+01
-2.717343984958173309e+01
-2.733527950263633244e+01
-2.750088096287392503e+01
-2.765183733183584991e+01
-2.781095586097535133e+01
-2.797847519265533478e+01
-2.814448687008140126e+01
-2.833759518655979548e+01
-2.848165391029324311e+01
-2.862589657628410578e+01
-2.877356023128042395e+01
-2.893610560427639555e+01
-2.904728294490014306e+01
-2.914684508577143518e+01
-2.922916921500251064e+01
-2.929393972967413973e+01
-2.932974460717373333e+01
-2.938499179792875893e+01
-2.973304048577005787e+01
